8
3000
3000
1 2 2 1 A
2 3 2 1 B
1 4 2 1 C
2 5 2 1 D
1 6 2 1 E
2 4 2 1 F
1 3 2 1 G
2 2 2 1 H
2 1 2 2 A
1 1 2 2 B
2 1 2 2 C
1 1 2 2 D
2 1 2 2 E
1 1 2 2 F
2 1 2 2 G
1 1 2 2 H
1 0 0 3 A
2 0 0 3 B
1 0 0 3 C
2 0 0 3 D
1 0 0 3 E
2 0 0 3 F
1 0 0 3 G
2 0 0 3 H
2 0 0 4 A
1 0 0 4 B
2 0 0 4 C
1 0 0 4 D
2 0 0 4 E
1 0 0 4 F
2 0 0 4 G
1 0 0 4 H
1 0 0 5 A
2 0 0 5 B
1 0 0 5 C
2 0 0 5 D
1 0 0 5 E
2 0 0 5 F
1 0 0 5 G
2 0 0 5 H
2 0 0 6 A
1 0 0 6 B
2 0 0 6 C
1 0 0 6 D
2 0 0 6 E
1 0 0 6 F
2 0 0 6 G
1 0 0 6 H
1 1 1 7 A
2 1 1 7 B
1 1 1 7 C
2 1 1 7 D
1 1 1 7 E
2 1 1 7 F
1 1 1 7 G
2 1 1 7 H
2 2 1 8 A
1 3 1 8 B
2 4 1 8 C
1 5 1 8 D
2 6 1 8 E
1 4 1 8 F
2 3 1 8 G
1 2 1 8 H
